Vehiculo: Automovil TUV  
 Composicion:LDGV
  A/no:  1990
 Km/hr    HC     CO       NOx
  4.0   18.00  280.00    2.50
 10.0    9.00  140.00    2.00
 20.0    5.00   80.00    1.50
 30.0    4.10   60.00    2.00
 40.0    3.40   50.00    2.50
 50.0    2.90   45.00    2.90
 60.0    2.52   40.00    3.25
 70.0    2.51   40.00    3.60
 80.0    2.50   40.00    4.00
 90.0    2.49   35.00    4.50
Vehiculo: Ligero  TUV
 Composicion:LDGT
  A/no:  1990
 Km/hr    HC     CO       NOx
  4.0   25.00  340.00    2.50
 10.0   13.00  165.00    2.00
 20.0    7.00   90.00    1.50
 30.0    5.50   80.00    2.00
 40.0    4.50   70.00    2.50
 50.0    4.00   60.00    3.00
 60.0    3.50   50.00    3.50
 70.0    3.00   45.00    3.50
 80.0    3.00   45.00    4.00
 90.0    2.50   40.00    4.50
Vehiculo: Micros TUV
 Composicion:LDDT
  A/no:  1990
 Km/hr    HC     CO       NOx
  4.0   28.00  350.00    2.50
 10.0   15.00  170.00    2.00
 20.0    8.00  100.00    1.50
 30.0    6.00   80.00    2.00
 40.0    5.00   70.00    2.50
 50.0    4.50   60.00    3.00
 60.0    4.00   50.00    3.50
 70.0    3.50   45.00    3.50
 80.0    3.00   45.00    4.00
 90.0    2.50   40.00    4.50
Vehiculo : R100 & Pesados TUV
 Composicion:HDDV
  A/no:  1990
 Km/hr    HC     CO       NOx
  4.0   14.00   50.00   33.00
 10.0   12.00   40.00   28.00
 20.0    9.00   20.00   22.50
 30.0    6.00   15.00   19.00
 40.0    5.00   10.00   17.50
 50.0    4.80    7.00   16.00
 60.0    4.00    5.00   16.50
 70.0    3.50    5.00   17.50
 80.0    3.00    5.00   20.00
 90.0    2.50    5.00   24.00
Vehiculo: Otros Buses TUV
 Composicion:HDGV
  A/no:  1990
 Km/hr    HC     CO       NOx
  4.0   18.00  150.00   30.00
 10.0   14.00  100.00   26.00
 20.0   10.00   60.00   21.00
 30.0    7.00   40.00   17.50
 40.0    6.00   20.00   16.00
 50.0    4.50   15.00   15.50
 60.0    4.00   10.00   15.70
 70.0    3.50   10.00   16.00
 80.0    3.00   10.00   18.00
 90.0    2.50   10.00   22.00
Vehiculo: Medianos TUV
 Composicion:
  A/no:  1990
 Km/hr    HC     CO       NOx
  4.0   45.00  750.00    4.50
 10.0   36.00  500.00    4.00
 20.0   17.00  300.00    4.00
 30.0   11.00  210.00    3.50
 40.0    8.00  150.00    4.00
 50.0    6.00  120.00    4.50
 60.0    5.00  100.00    4.70
 70.0    4.00  100.00    4.80
 80.0    3.50  105.00    4.90
 90.0    3.00  110.00    5.00

 
