		Veh¡culos Ligeros a Gasolina			Camionetas Ligeras a Gasolina			Camiones ligeros a Diesel			Veh¡culos pesados a Diesel			Camionetas Pesadas a Gasolina
		Composici¢n:	LDGV		Composici¢n:	LDGT1		Composici¢n:	LDDT		Composici¢n:	HDDV		Composici¢n:	 LDGT
		A¤o:	1991		A¤o:	1991		A¤o:	1991		A¤o:	1991		A¤o:	1991

mph	Km/hr	HC	CO	NOx	HC	CO	NOx	HC	CO	NOx	HC	CO	NOx	HC	CO	NOx
2.5	4.0	20.13	247.59	2.18	23.4	263.53	2.39	3.35	7.69	2.49	13.96	46.92	31.8	28.47	285.72	2.65
3.4	5.5	15.7	198.63	2.05	18.31	212.54	2.24	3.19	7.12	2.39	13.29	43.44	30.52	22.03	230.54	2.48
4.4	7.0	12.92	163.67	1.95	15.1	175.91	2.12	3.04	6.6	2.3	12.67	40.29	29.34	18.07	190.88	2.34
5.3	8.5	10.98	138.14	1.86	12.86	149.03	2.01	2.9	6.13	2.21	12.08	37.42	28.23	15.34	161.75	2.23
6.2	10.0	9.55	119.12	1.79	11.2	128.92	1.93	2.77	5.7	2.13	11.53	34.81	27.21	13.35	139.95	2.13
7.1	11.5	8.47	104.69	1.73	9.95	113.62	1.86	2.64	5.31	2.06	11.02	32.43	26.25	11.84	123.35	2.05
8.1	13.0	7.68	93.59	1.69	9.03	101.81	1.8	2.53	4.96	1.99	10.53	30.27	25.35	10.74	110.53	1.99
9.0	14.5	7.05	84.92	1.66	8.29	92.56	1.76	2.42	4.63	1.92	10.07	28.29	24.52	9.86	100.5	1.95
9.9	16.0	6.53	78.06	1.64	7.68	85.24	1.74	2.32	4.34	1.86	9.65	26.48	23.74	9.14	92.55	1.92
10.9	17.5	6.11	72.58	1.63	7.19	79.39	1.72	2.22	4.07	1.81	9.24	24.83	23.02	8.55	86.19	1.9
11.8	19.0	5.75	68.15	1.63	6.77	74.65	1.72	2.13	3.82	1.75	8.86	23.32	22.34	8.06	81.05	1.9
12.7	20.5	5.45	64.53	1.64	6.42	70.78	1.73	2.04	3.59	1.7	8.5	21.94	21.71	7.65	76.85	1.91
13.7	22.0	5.2	61.54	1.66	6.12	67.59	1.75	1.96	3.39	1.66	8.17	20.67	21.13	7.29	73.39	1.92
14.6	23.5	4.98	59.04	1.69	5.86	64.93	1.77	1.88	3.19	1.61	7.85	19.5	20.59	6.99	70.5	1.95
15.5	25.0	4.79	56.91	1.72	5.64	62.68	1.8	1.81	3.02	1.58	7.55	18.43	20.08	6.73	68.06	1.98
16.5	26.5	4.62	55.09	1.76	5.44	60.76	1.84	1.74	2.86	1.54	7.27	17.45	19.62	6.5	65.97	2.02
17.4	28.0	4.47	53.49	1.8	5.26	59.08	1.88	1.68	2.71	1.5	7	16.54	19.18	6.29	64.16	2.07
18.3	29.5	4.34	52.07	1.84	5.11	57.6	1.92	1.62	2.57	1.47	6.75	15.71	18.78	6.11	62.55	2.12
19.3	31.0	4.22	50.78	1.89	4.96	56.26	1.97	1.56	2.45	1.44	6.51	14.94	18.41	5.95	61.11	2.18
20.2	32.5	4.11	49.59	1.94	4.84	55.04	2.02	1.51	2.33	1.42	6.29	14.23	18.07	5.8	59.79	2.23
21.1	34.0	4.02	48.48	2	4.74	53.9	2.08	1.46	2.22	1.39	6.08	13.58	17.76	5.68	58.56	2.3
22.1	35.5	3.93	47.42	2.05	4.64	52.81	2.14	1.41	2.13	1.37	5.87	12.98	17.48	5.56	57.39	2.36
23.0	37.0	3.84	46.4	2.11	4.54	51.77	2.2	1.36	2.03	1.35	5.69	12.42	17.22	5.45	56.27	2.42
23.9	38.5	3.77	45.4	2.16	4.46	50.76	2.25	1.32	1.95	1.33	5.51	11.91	16.98	5.35	55.18	2.49
24.9	40.0	3.69	44.43	2.21	4.37	49.76	2.31	1.28	1.87	1.32	5.34	11.43	16.77	5.25	54.12	2.55
25.8	41.5	3.62	43.47	2.27	4.3	48.79	2.37	1.24	1.8	1.3	5.18	10.99	16.59	5.15	53.07	2.61
26.7	43.0	3.55	42.53	2.32	4.22	47.82	2.43	1.21	1.73	1.29	5.02	10.59	16.42	5.06	52.04	2.68
27.7	44.5	3.49	41.61	2.37	4.15	46.87	2.48	1.17	1.67	1.28	4.88	10.22	16.28	4.98	51.02	2.74
28.6	46.0	3.42	40.7	2.42	4.08	45.94	2.54	1.14	1.62	1.27	4.75	9.87	16.16	4.9	50.01	2.8
29.8	48.0	3.34	39.52	2.49	3.99	44.72	2.6	1.1	1.55	1.26	4.58	9.45	16.03	4.79	48.7	2.88
30.8	49.5	3.29	38.73	2.53	3.93	43.90	2.65	1.07	1.51	1.26	4.47	9.20	15.99	4.72	47.81	2.93
31.7	51.0	3.24	37.95	2.57	3.87	43.07	2.69	1.05	1.47	1.25	4.36	8.96	15.95	4.65	46.93	2.98
32.6	52.5	3.19	37.16	2.61	3.81	42.25	2.74	1.02	1.43	1.25	4.25	8.71	15.91	4.58	46.04	3.03
33.6	54.0	3.13	36.37	2.65	3.75	41.42	2.78	1.00	1.39	1.24	4.14	8.46	15.88	4.52	45.15	3.08
34.2	55.0	3.1	35.85	2.68	3.71	40.87	2.81	0.98	1.36	1.24	4.07	8.3	15.85	4.47	44.56	3.11
35.1	56.5	3.05	35.18	2.72	3.66	40.16	2.85	0.96	1.33	1.24	3.98	8.11	15.87	4.41	43.79	3.15
36.0	58.0	3.01	34.56	2.75	3.62	39.5	2.88	0.93	1.3	1.25	3.89	7.94	15.9	4.35	43.09	3.19
37.0	59.5	2.97	34	2.78	3.57	38.9	2.92	0.91	1.27	1.25	3.81	7.78	15.96	4.3	42.44	3.22
37.9	61.0	2.93	33.49	2.81	3.53	38.36	2.95	0.9	1.25	1.26	3.73	7.64	16.04	4.25	41.85	3.26
38.8	62.5	2.9	33.04	2.84	3.49	37.88	2.97	0.88	1.23	1.27	3.66	7.51	16.14	4.21	41.33	3.29
39.8	64.0	2.87	32.66	2.86	3.46	37.47	3	0.86	1.21	1.27	3.59	7.4	16.25	4.17	40.88	3.32
40.4	65.0	2.85	32.43	2.88	3.44	37.23	3.02	0.85	1.2	1.28	3.55	7.33	16.34	4.14	40.62	3.33
41.3	66.5	2.82	32.14	2.9	3.41	36.92	3.04	0.84	1.19	1.29	3.48	7.24	16.5	4.11	40.29	3.36
42.3	68.0	2.8	31.91	2.92	3.39	36.67	3.06	0.82	1.17	1.31	3.43	7.16	16.67	4.08	40.02	3.38
43.2	69.5	2.78	31.74	2.94	3.37	36.49	3.08	0.81	1.16	1.32	3.37	7.09	16.87	4.06	39.82	3.41
44.1	71.0	2.77	31.96	2.96	3.35	36.36	3.11	0.8	1.15	1.34	3.32	7.03	17.09	4.04	39.69	3.43
45.4	73.0	2.75	31.54	2.99	3.33	36.28	3.13	0.78	1.14	1.37	3.26	6.97	17.43	4.01	39.59	3.46
46.3	74.5	2.74	31.52	3.01	3.32	36.27	3.16	0.77	1.14	1.39	3.21	6.94	17.71	4	39.58	3.49
47.2	76.0	2.73	31.54	3.03	3.31	36.29	3.18	0.76	1.13	1.41	3.17	6.93	18.01	3.99	39.6	3.51
48.2	77.5	2.72	31.56	3.06	3.3	36.32	3.21	0.75	1.13	1.44	3.13	6.92	18.35	3.98	39.64	3.55
49.1	79.0	2.72	31.56	3.11	3.3	36.32	3.26	0.74	1.13	1.47	3.1	6.92	18.71	3.98	39.64	3.61
50.0	80.5	2.71	31.56	3.16	3.3	36.32	3.32	0.74	1.14	1.5	3.06	6.94	19.11	3.98	39.64	3.67
51.0	82.0	2.71	31.56	3.21	3.3	36.32	3.37	0.73	1.14	1.53	3.03	6.96	19.53	3.97	39.64	3.73
51.9	83.5	2.71	31.56	3.25	3.29	36.32	3.43	0.72	1.15	1.57	3.01	7	19.99	3.97	39.64	3.79
52.8	85.0	2.71	31.56	3.3	3.29	36.32	3.48	0.72	1.15	1.61	2.98	7.05	20.49	3.97	39.64	3.85
53.8	86.5	2.71	31.56	3.35	3.29	36.32	3.54	0.72	1.17	1.65	2.96	7.12	21.05	3.97	39.64	3.91
54.7	88.0	2.71	31.56	3.4	3.29	36.32	3.59	0.71	1.18	1.69	2.94	7.18	21.6	3.96	39.64	3.96
55.6	89.5	2.79	35.87	3.45	3.4	41.6	3.65	0.7	1.19	1.74	2.92	7.26	22.22	4.09	45.39	4.02
56.6	91.0	2.91	42.31	3.49	3.56	49.48	3.7	0.7	1.2	1.8	2.91	7.36	22.89	4.28	53.98	4.08
57.5	92.5	3.04	48.74	3.54	3.72	57.36	3.76	0.69	1.22	1.85	2.89	7.46	23.6	4.47	62.57	4.14
58.4	94.0	3.16	55.18	3.59	3.88	65.24	3.81	0.69	1.24	1.91	2.88	7.59	24.37	4.65	71.16	4.2
59.4	95.5	3.29	61.61	3.64	4.04	73.112	3.87	0.69	1.27	1.98	2.87	7.72	25.19	4.84	79.75	4.26
60.3	97.0	3.41	68.05	3.69	4.2	81	3.92	0.69	1.29	2.05	2.87	7.88	26.08	5.03	88.34	4.32
61.2	98.5	3.54	74.78	3.73	4.36	88.88	3.98	0.69	1.32	2.12	2.86	8.04	27.02	5.22	96.93	4.38
61.5	99.0	3.58	76.63	3.75	4.41	91.5	4	0.69	1.33	2.15	2.86	8.1	27.35	5.29	99.79	4.4
62.2	100.0	3.66	80.92	3.78	4.52	96.75	4.03	0.69	1.35	2.2	2.86	8.23	28.04	5.41	105.52	4.44
62.8	101.0	3.75	85.21	3.81	4.63	102.01	4.07	0.69	1.37	2.26	2.86	8.36	28.76	5.54	111.25	4.48
63.4	102.0	3.83	89.5	3.85	4.73	107.26	4.1	0.69	1.39	2.31	2.86	8.5	29.51	5.67	116.97	4.52
64.0	103.0	3.91	93.79	3.88	4.84	112.51	4.14	0.69	1.42	2.38	2.86	8.65	30.3	5.79	122.7	4.56
64.6	104.0	4	98.08	3.91	4.95	117.77	4.18	0.69	1.44	2.44	2.87	8.81	31.13	5.92	128.43	4.6