Vehiculo Ligero a Gasolina   
 Composicion:LDGV
  A/no:  1990
 Km/hr    HC     CO        NOx
  4.0   16.91  242.85    1.10
  8.0    8.97  126.58    0.92
 16.1    4.77   66.09    0.82
 31.5    2.72   37.10    0.77
 56.3    1.64   23.08    0.82
 88.5    1.29   18.61    1.13
104.6    2.00   53.69    1.52
Camioneta ligera a Gasolina  
 Composicion:LDGT
  A/no:  1990
 Km/hr    HC     CO        NOx
  4.0   23.13  399.76    1.29
  8.0   13.01  212.22    1.08
 16.1    7.07  110.22    0.95
 31.5    4.20   62.75    0.93
 56.3    2.75   43.50    1.09
 88.5    2.29   37.95    1.51
104.6    3.63  117.35    2.03
Camion ligero a Diesel       
 Composicion:LDDT
  A/no:  1990
 Km/hr    HC     CO        NOx
  4.0    2.91   13.26    1.39
  8.0    2.55   10.82    1.25
 16.1    2.01    7.46    1.03
 31.5    1.34    4.15    0.80
 56.3    0.83    2.30    0.69
 88.5    0.61    2.03    0.95
104.6    0.60    2.52    1.38
Vehiculo pesados a Diesel    
 Composicion:HDDV
  A/no:  1990
 Km/hr    HC     CO        NOx
  4.0    9.32   45.12   13.85
  8.0    8.19   36.84   12.45
 16.1    6.43   25.40   10.33
 31.5    4.29   14.13    7.97
 56.3    2.67    7.84    6.92
 88.5    1.96    6.94    9.50
104.6    1.92    8.57   13.78
Camionetas pesadas a Gasolina
 Composicion:HDGV
  A/no:  1990
 Km/hr    HC     CO       NOx
  4.0   22.34  459.75    1.41
  8.0   17.81  367.35    1.45
 16.1   11.67  244.40    1.52
 31.5    5.82  130.40    1.66
 56.3    2.63   72.70    1.89
 88.5    1.68   74.16    2.18
104.6    1.73  104.20    2.33
